 Consulta de valor de Plantillas de empresas (Niss), realizada a Delt@ el 24 02 2010 10:01:54
Datos provenientes del archivo: NISS xa Consultas en Delt@.txt
_Em_Niss__Plantilla_
040000184 183
040001271 74
040002247 263
040004564 96
040006643 24
040007432 20
040007448 143
040007493 39
040009500 746
040009501 46
040012378 194
040013528 50
040013767 22
040016922 20
040017222 53
040017835 140
040018545 71
040018914 42
040018943 47
040019779 65
040020379 30
040022076 2765
040022079 63
040022716 36
040023308 136
040024642 23
040024660 69
040024726 101
040025010 14
040025693 22
040026595 13
040027041 51
040027084 59
040027477 146
040028053 398
040028204 370
040028347 61
040028350 125
040028612 392
040029115 45
040029174 41
040029557 28
040030016 20
040030247 5
040030510 42
040030644 41
040030991 15
040031022 70
040031165 16
040031206 40
040031560 171
040031565 150
040031759 63
040031848 9
040031853 120
040031878 26
040031901 139
040031902 49
040032066 33
040032408 31
040032718 29
040032815 15
040032838 61
040033155 78
040034294 1224
040034393 44
040034442 7
040034518 3
040034783 248
040035220 100
040035529 51
040035589 60
040035644 120
040035785 27
040035826 21
040035853 48
040035866 190
040036049 9
040036260 242
040036451 14
040036784 70
040037313 17
040037470 14
040038059 27
040038278 30
040039074 111
040039236 24
040040016 24
040040142 123
040040149 950
040041789 12
040042336 18
040042428 93
040043116 67
040045000 146
040045971 23
040046712 179
040046944 45
040048144 15
040048447 103
040048559 28
040048852 22
040049100 72
040050097 196
040050186 155
040050447 150
040050504 602
040051280 25
040051641 8
040052524 32
040227056 105
040227817 174
040240664 264
041000775 79
041001246 35
041001287 400
041001301 16
041001414 37
041001415 65
041002249 249
041002515 275
041003423 135
041003424 224
041003425 157
041003430 356
041003431 232
041003433 254
041003453 33
041003582 6
041004145 90
041004207 26
041004209 296
041004357 126
041004416 22
041004417 252
041004418 3
041004459 116
041004498 758
041005468 166
041005569 27
041005570 1
041005628 68
041006186 1
041006699 158
041007543 2
041007556 2
041007670 1
041008155 5
041008312 33
041008489 23
041009155 5
041009265 4
041009459 25
041009819 52
041009820 546
041010180 35
041011745 12
041011905 15
041011930 29
041011949 46
041012008 87
041012049 93
041012384 109
041012513 27
041012517 70
041012797 15
041012815 8
041013180 390
041013181 60
041013471 33
041013666 85
041015180 34
041015563 28
041015921 80
041016524 49
041016871 15
041017367 7
041017421 234
041018484 274
041018861 22
041018877 26
041019954 11
041020040 312
041020072 15
041020751 2
041020808 73
041021283 40
041021316 117
041021735 140
041021736 68
041021765 84
041022145 1
041022294 22
041022488 70
041022769 54
041022877 456
041023296 93
041023436 82
041023515 9
041023817 80
041024502 815
041024505 820
041024848 79
041024887 3
041025032 55
041025251 627
041025684 17
041026245 4
041026292 97
041026928 27
041026929 250
041027145 9
041027495 193
041027541 7
041027641 27
041027719 43
041027731 24
041027733 95
041028539 480
041028540 2210
041028541 151
041028543 2410
041028608 23
041028964 44
041029244 17
041029633 10
041029720 158
041029721 158
041029723 158
041029728 7
041029844 1
041030080 2
041030341 2
041030999 40
041031401 1
041031652 61
041032055 500
041032835 4
041033148 225
041033201 219
041033218 9
041033219 3
041033281 398
041033386 20
041033387 150
041033400 165
041033515 200
041033533 80
041033591 167
041033805 228
041033819 91
041033968 277
041034170 134
041034217 25
041034422 82
041034543 75
041034600 39
041034615 16
041034801 218
041034999 21
041035002 50
041035065 80
041035197 1
041035308 2
041035311 131
041035312 1
041035418 242
041036261 48
041036744 11
041037162 168
041037228 6
041037415 60
041037447 300
041037576 162
041037629 133
041038035 1187
041038057 5
041038340 61
041039090 320
041039190 28
041039290 39
041039435 7
041039476 37
041039809 70
041039969 20
041040014 14
041040067 86
041040084 33
041040206 21
041040273 17
041040340 58
041040433 18
041040880 1
041041140 1
041041527 4
041041573 35
041042202 121
041042287 11
041042301 16
041042661 245
041043028 88
041044324 51
041044947 8
041044979 13
041044981 33
041045001 51
041045052 49
041045272 169
041045399 9
041045434 40
041045543 33
041046060 19
041046061 2
041046429 1
041046745 17
041046749 40
041046809 16
041046943 181
041046988 1
041047228 78
041047240 150
041047526 22
041047559 5
041047560 1
041047686 19
041047890 61
041047937 465
041048004 35
041048091 26
041048153 1
041048535 21
041048760 1
041048770 23
041049028 105
041049085 66
041049108 1
041049158 862
041050301 174
041050483 8
041050910 2765
041050911 2765
041051458 73
041051615 33
041052172 23
041052233 73
041052442 73
041052443 12
041052566 18
041052615 221
041052811 48
041053204 86
041053562 28
041054356 301
041054451 16
041054461 5
041054614 17
041054617 49
041054826 54
041055505 16
041055620 13
041055635 27
041055993 8
041056774 76
041057475 37
041057530 30
041057549 26
041057819 13
041058043 5
041058176 25
041058225 8
041059370 1
041059658 14
041059724 2
041059935 269
041059936 235
041060032 34
041060052 141
041060053 93
041060442 17
041060739 29
041060839 8
041060843 171
041062202 3
041062642 8
041062835 311
041063901 6
041064475 30
041064503 15
041064682 49
041064764 23
041064806 6
041065101 73
041065255 7
041065428 14
041065720 12
041065892 12
041065972 7
041065973 11
041065974 101
041066492 1
041066597 19
041066896 1
041066963 6
041066984 13
041067164 21
041067165 22
041067951 15
041068020 7
041068158 1
041068360 11
041068920 11
041068922 2
041069244 17
041069390 20
041069620 53
041069826 30
041070123 26
041070311 119
041071796 17
041071812 108
041072830 30
041072923 14
041072975 2
041072985 5
041073013 3
041073106 2
041073113 4
041073126 16
041073507 21
041073900 65
041073902 22
041074009 10
041074011 8
041074012 27
041074013 931
041074014 302
041074042 4
041074161 57
041074163 31
041074330 16
041074422 16
041074602 10
041074781 145
041075825 77
041076415 8
041076589 153
041076922 72
041077209 15
041077339 37
041077909 4
041077914 30
041078020 14
041078039 9
041078067 104
041078138 29
041078314 12
041078584 4
041078661 70
041078662 34
041078762 7
041079459 63
041079928 4
041079933 12
041080536 20
041080633 20
041081538 79
041081825 4
041081851 132
041081886 80
041081959 10
041081976 36
041081977 144
041082355 1
041082517 226
041082531 6
041082605 7
041082714 11
041082751 50
041083191 12
041083292 19
041083662 6
041083756 182
041083758 94
041083774 1
041083805 60
041083825 155
041083841 29
041083881 23
041083883 4
041084184 1125
041084428 48
041084657 17
041084798 11
041085193 1
041085619 2
041085759 7
041085781 82
041085782 149
041085783 298
041087166 130
041087222 7
041087476 4
041087508 70
041087994 1
041088154 27
041089191 61
041089699 33
041091208 197
041091224 1450
041091229 2865
041091342 16
041092121 5
041092518 15
041092873 15
041094538 1
041094967 21
041095173 49
041096740 1
041097312 5
110000124 140
110001749 22
110002897 100
110003183 70
110005435 345
110009047 306
110010808 80
110012078 107
110012330 157
110012344 211
110013122 226
110014142 48
110015133 472
110017192 32
110019308 54
110019882 375
110022044 293
110022825 93
110022830 25
110022911 28
110023064 39
110023081 5
110023653 52
110024761 120
110024989 46
110027282 4
110030850 22
110030962 251
110031632 476
110032293 30
110032324 33
110033367 215
110033932 32
110034393 15
110034426 17
110035710 187
110036223 47
110036639 70
110036733 28
110036740 75
110037182 6
110038126 76
110038152 44
110038534 24
110038543 539
110039473 60
110039531 75
110039778 27
110039849 2296
110039954 20
110040878 24
110041020 165
110041570 10
110041634 18
110041641 181
110041718 25
110041778 49
110043361 130
110043686 3000
110044216 16
110044731 8
110045156 94
110045157 63
110046236 25
110046403 232
110046438 78
110046474 175
110046511 400
110046665 83
110046708 1393
110047116 150
110047172 7
110047346 20
110048564 27
110048859 24
110048879 246
110049297 86
110049339 207
110049550 39
110049814 110
110049998 29
110050145 10
110050318 24
110050609 47
110051120 58
110051231 86
110052327 28
110052867 8
110052949 42
110053099 55
110053467 12
110053626 106
110053839 175
110053962 374
110054576 494
110054680 64
110054773 44
110055433 344
110055460 14
110055837 37
110056647 90
110056868 42
110056961 18
110057060 3
110057139 54
110057473 27
110057738 50
110058170 85
110058882 17
110059058 194
110059162 31
110059186 26
110059412 40
110060134 38
110060138 97
110060177 8
110060217 14
110060460 42
110060521 86
110061204 47
110061205 179
110061219 226
110061447 47
110061695 308
110062135 87
110062281 6
110063121 54
110063238 88
110063560 2
110063589 12
110063770 33
110064099 23
110064297 1
110064684 53
110065826 71
110066032 341
110066101 400
110066827 35
110066893 12
110067777 11
110068140 91
110068628 1
110068815 44
110068949 23
110068956 348
110069704 40
110069803 2
110069873 9
110070071 50
110070401 8
110071206 60
110071546 91
110071559 14
110071666 21
110072149 80
110072173 14
110072347 41
110073118 12
110074130 38
110074505 85
110075384 50
110075483 384
110076097 50
110076480 99
110076566 90
110076687 28
110077260 158
110077428 48
110077604 26
110077686 122
110078294 18
110078598 40
110078894 45
110079541 96
110080069 22
110080163 77
110080425 10
110081018 182
110081213 8
110081308 1
110081425 68
110082377 99
110082536 88
110082726 39
110082777 2
110083472 14
110083744 28
110083821 34
110083950 45
110084069 114
110084352 33
110084624 193
110085026 67
110085653 159
110085996 24
110086057 198
110086452 243
110086962 33
110087239 25
110087283 629
110087288 77
110087477 39
110088159 9
110088551 388
110088799 14
110088877 3
110088909 2
110089333 24
110089544 36
110089596 320
110089904 14
110089992 19
110090307 2
110139701 55
110310802 1243
110444101 308
111000074 2
111000656 5
111001069 73
111001137 27
111001274 269
111001864 11
111002065 112
111002110 173
111002821 7
111003390 27
111003422 13
111003497 3
111003621 77
111003997 119
111004183 351
111004844 36
111004873 416
111004875 5
111004900 156
111004908 250
111004909 72
111004933 8
111004953 39
111004989 167
111004993 136
111005008 4
111005046 299
111005048 355
111005050 57
111005051 37
111005058 13
111005061 400
111005134 85
111005159 19
111005202 58
111005252 181
111005270 22
111005540 113
111005850 413
111005956 41
111006035 14
111006154 159
111006158 29
111006383 32
111006453 17
111006456 62
111006709 82
111007009 15
111007738 22
111007998 1
111009007 31
111009196 1
111009480 23
111009522 2
111009608 65
111009730 17
111009903 75
111010376 225
111010950 25
111011248 6
111012750 44
111012838 39
111013388 400
111013519 19
111013634 1
111014161 17
111014165 22
111014376 5
111014503 27
111014728 72
111016024 10
111016120 41
111016171 150
111016208 11
111016702 589
111016945 28
111016985 29
111016988 35
111017201 16
111017237 204
111017485 87
111017550 65
111017906 1
111018052 89
111018294 1
111018331 37
111018493 59
111018607 13
111018953 3
111018980 63
111018995 135
111019016 150
111019379 12
111019719 16
111020101 8
111020324 32
111020586 108
111020645 40
111020788 127
111020878 13
111020994 13
111021044 64
111021438 25
111021744 5
111021910 202
111022360 150
111022477 28
111022675 23
111022753 25
111023482 2
111023669 5
111023772 12
111024262 240
111024670 34
111024671 3
111024762 24
111025146 33
111025667 12
111025937 6
111026179 9
111026205 15
111026239 30
111026244 1
111026319 48
111026440 308
111026537 76
111026623 575
111027042 10
111027189 209
111027275 8
111027730 7
111027847 1
111028070 45
111028404 198
111028492 59
111028864 16
111029178 114
111029328 22
111029418 32
111029592 9
111029718 4
111029922 25
111030059 27
111030757 43
111030991 21
111031098 30
111031121 10
111031312 191
111031499 170
111031977 20
111032202 41
111032282 23
111032373 15
111032855 9
111033237 1347
111033268 748
111033556 17
111033835 21
111033887 82
111034409 33
111034517 170
111034547 42
111034551 195
111034642 96
111035076 80
111035087 248
111035252 15
111035754 9
111036329 39
111036589 28
111036614 18
111036637 41
111036746 19
111036747 19
111036845 1
111036979 70
111037051 31
111037061 371
111037068 30
111037459 29
111037581 12
111037720 73
111037847 34
111038864 16
111038933 2700
111038934 650
111038935 2052
111038938 152
111038964 6
111039048 3
111039058 16
111039227 232
111039420 80
111039511 30
111039572 8
111039771 9
111040022 12
111041018 1
111041583 58
111041609 1
111042368 14
111042508 3
111044128 3
111044206 70
111044283 19
111044284 692
111044613 29
111044668 13
111044690 15
111044848 10
111044893 24
111045233 104
111045560 146
111045638 3
111045756 230
111045851 12
111045989 75
111046144 71
111046190 62
111046263 35
111046342 41
111046377 10
111046449 18
111046933 31
111047075 16
111047448 30
111047449 22
111047457 36
111047527 410
111047528 1
111047767 84
111047787 6
111047877 30
111048035 60
111048090 60
111048376 2
111048418 20
111048423 27
111048509 2205
111048513 108
111049291 4
111049587 44
111049688 1
111049831 14
111049977 218
111050050 38
111050498 29
111050637 160
111050716 300
111050904 4
111051348 65
111051509 12
111051692 1
111051832 65
111052025 25
111052073 3
111052173 14
111052313 4
111052374 34
111052419 27
111052482 15
111052499 4
111052844 32
111052924 9
111053000 75
111053001 21
111053163 38
111053375 123
111053457 20
111053532 44
111053543 70
111053812 13
111053878 132
111054335 270
111054740 69
111054879 3
111054891 20
111055203 80
111055267 8
111055305 92
111055447 2
111055506 30
111055601 30
111055656 125
111055732 27
111056048 36
111056058 1
111056583 122
111056598 25
111057345 1
111057516 41
111057718 40
111057719 42
111057739 2
111057795 83
111058159 33
111058355 25
111058369 12
111059064 239
111059066 224
111059068 21
111059070 22
111059088 84
111059439 17
111059472 95
111059981 35
111060388 82
111060439 175
111060455 24
111060462 110
111060661 27
111060664 28
111060730 10
111060788 26
111060942 18
111060958 -1
111061313 128
111061356 12
111061389 69
111061452 41
111061631 1
111061662 52
111061670 18
111061785 32
111061844 26
111062007 23
111062096 69
111062139 11
111062398 5
111062700 14
111062893 18
111062940 9
111062941 12
111062957 242
111063072 12
111063073 317
111063100 42
111063261 48
111063716 25
111063900 35
111063915 3
111064192 90
111064333 79
111064401 5
111064546 1
111064723 175
111064743 26
111064812 49
111064901 562
111065060 17
111065178 33
111065827 20
111065946 1
111066117 12
111066134 34
111066269 40
111066312 11
111066325 198
111066522 300
111066696 1500
111066697 1500
111066698 1500
111066732 39
111066771 28
111067109 10
111067124 38
111067234 164
111067500 26
111067714 33
111067908 27
111068388 23
111068595 5
111068688 263
111068709 58
111068773 1
111069518 6
111069919 200
111069977 20
111070586 150
111070707 3
111071402 158
111071406 75
111071794 120
111072138 13
111072430 1
111072937 100
111072938 108
111072954 51
111072967 4
111072996 290
111073107 39
111073334 109
111073342 15
111073379 20
111073439 37
111073490 4
111073736 91
111073801 17
111073893 147
111074010 88
111074545 53
111074748 100
111074759 59
111074812 53
111074857 3
111074858 21
111074995 150
111075060 18
111075863 7
111076368 30
111076549 127
111076659 46
111077059 18
111077277 10
111077526 1
111077691 85
111077733 49
111078098 64
111078238 44
111078779 1
111078953 11
111079161 32
111079324 55
111079349 94
111079365 1
111079607 63
111079790 10
111079954 18
111080021 18
111080132 4
111080168 13
111080239 22
111080278 66
111080290 4
111080601 15
111080679 20
111080718 13
111081234 105
111081262 10
111081487 11
111081548 5
111081669 1
111081782 1
111081813 43
111082101 28
111082437 4
111082493 12
111082518 13
111082551 18
111082652 36
111082698 45
111083124 64
111083777 21
111084147 2
111084160 266
111084191 52
111084249 274
111084259 34
111084314 61
111084360 75
111084510 190
111084734 80
111084863 5
111085002 5
111085456 1
111086004 1
111086131 48
111086456 5
111086793 43
111086794 11
111086828 7
111087064 12
111087475 57
111087484 1
111087631 21
111087810 2
111087892 103
111087919 89
111087963 7
111088009 26
111088296 56
111088533 4
111088567 8
111088856 16
111088918 26
111089000 30
111089015 4
111089129 16
111089143 10
111089189 1
111089224 22
111089358 47
111089561 61
111089606 127
111089684 6
111089791 14
111089956 5
111090075 19
111090127 14
111090219 65
111090232 1
111090234 353
111090651 96
111090932 3
111090939 49
111091286 15
111091482 92
111091641 28
111091642 22
111091829 31
111092264 20
111092269 4
111092315 75
111092404 35
111092542 2
111093123 42
111093224 7
111093492 2
111093649 7
111093823 6
111093873 6
111093886 2
111094051 30
111094105 14
111094106 13
111094253 72
111094420 50
111094423 68
111094528 30
111094657 81
111094699 13
111095030 2
111095137 100
111095309 42
111095336 4
111095556 52
111095624 8
111095677 5
111095974 9
111096277 21
111096599 29
111096674 24
111097129 106
111097155 5
111097578 12
111097633 16
111097828 6
111097837 19
111097849 1
111097914 31
111098083 60
111098146 23
111098213 1
111098233 4
111098372 8
111098671 10
111098693 3
111098807 77
111099098 1
111099412 18
111099610 5
111099753 15
111099829 1
111100045 26
111100082 19
111100297 8
111100391 59
111101264 3
111101436 51
111101566 39
111102087 47
111102181 10
111102761 21
111102768 350
111102772 5
111102864 20
111102890 4
111103018 12
111103238 1
111103424 54
111104119 13
111104139 23
111104260 19
111104274 17
111104569 59
111104697 417
111104698 3
111104785 17
111104803 7
111104818 18
111104985 22
111105045 6
111105285 18
111105348 8
111105352 298
111105438 8
111105484 38
111105537 9
111105780 15
111105787 30
111106349 3
111106362 20
111106393 13
111106506 57
111106515 8
111106529 27
111107112 25
111107512 26
111107747 92
111107802 7
111108048 23
111108180 1
111108337 2
111108400 2
111108460 235
111108602 1
111108703 852
111108974 7
111108975 17
111110011 12
111110069 429
111111595 120
111111690 18
111111767 2
111111889 180
111112075 24
111112751 25
111112759 39
111112943 45
111113032 60
111113108 1500
111113109 11011
111113123 1500
111113127 35
111113652 29
111113986 64
111114040 134
111114293 20
111114442 15
111115075 8
111115099 20
111117991 10
111118912 4
140000873 48
140003467 57
140008305 289
140013851 24
140014878 288
140016043 34
140016952 4
140017469 18
140017471 110
140017474 22
140020412 59
140021501 122
140022892 163
140023384 46
140023395 123
140024100 58
140024516 93
140024692 25
140024767 55
140024795 55
140025036 21
140026349 269
140027452 20
140029410 110
140031025 48
140031535 40
140031744 62
140033383 540
140034869 103
140035581 21
140036124 1647
140036841 140
140036865 108
140037118 1296
140037291 92
140037427 26
140038471 122
140039695 38
140040906 18
140042880 92
140042992 55
140043393 164
140043436 14
140043472 68
140044329 26
140045945 125
140046223 16
140046538 25
140046931 55
140047371 98
140047931 45
140048670 19
140048671 65
140048726 188
140050128 239
140050392 47
140051653 198
140051666 62
140051714 185
140052313 60
140052889 153
140053521 96
140053730 48
140054032 102
140054715 21
140054792 14
140054843 60
140055059 1
140055113 580
140055253 145
140055815 398
140056294 45
140056312 27
140056404 11
140056460 160
140056562 43
140057185 490
140057414 370
140057421 34
140057822 28
140058546 5
140058584 21
140058588 14
140058648 67
140058711 45
140058712 4
140058713 199
140058772 15
140058773 107
140059001 199
140059866 42
140059945 337
140059961 48
140059988 650
140060361 132
140061269 58
140061332 23
140062385 41
140062813 12
140063412 59
140065441 15
140065844 3
140067711 2
140069457 115
140072630 327
140073078 46
140074748 62
140077774 131
140077925 169
140078271 20
140078803 4
140079310 47
140079512 14
140080725 6
140080840 7
140080875 50
140080960 12
140081220 96
140082537 16
140082961 150
140083045 117
140083201 40
140083405 100
140083697 15
140084557 25
140085445 99
140085593 7
140086022 130
140086681 8
140086913 4
140087069 10
140087668 102
140087754 216
140088261 12
140088291 57
140088829 12
140089505 11
140089744 43
140090260 14
140091416 11
140091771 3
140091797 43
140091990 104
140092041 8
140092074 28
140092196 35
140092365 62
140093141 127
140093166 20
140093697 7
140094274 4
140094481 6
140096536 18
140097495 33
140097582 43
141000881 9
141001554 150
141001655 7
141001670 20
141001861 11
141002174 19
141002271 105
141002665 83
141003739 16
141004514 11
141004716 11
141004807 28
141004823 8
141004997 6
141005146 16
141005156 213
141005162 55
141005200 11
141005260 6
141005289 18
141005318 314
141005359 16
141005398 35
141005407 70
141005413 233
141005462 25
141005482 40
141005529 39
141005534 6
141005535 27
141005566 37
141005630 166
141005649 187
141006052 367
141007464 12
141007722 25
141008197 24
141008380 39
141008792 45
141008852 5
141009284 2
141009301 11
141009603 9
141009618 125
141009811 7
141009841 12
141009958 82
141009975 5
141009976 2
141009977 2
141010300 12
141010342 13
141010448 18
141010913 3
141011779 28
141011796 4
141012034 32
141012403 7
141012792 95
141012802 1
141012976 85
141013087 22
141013106 4
141013516 1
141013521 37
141013527 8
141014394 2
141014588 18
141014719 10
141015103 33
141015104 54
141015220 22
141015222 6
141015308 6
141015584 26
141015598 22
141015973 2
141016080 62
141016134 8
141016853 300
141017061 50
141017066 1
141017606 17
141017726 6
141017772 38
141017777 15
141017853 35
141017875 6
141017954 19
141017965 69
141017990 8
141018074 1
141018286 24
141018606 49
141018810 83
141019180 24
141019355 6
141019885 29
141020223 3
141020431 7
141021436 11
141021813 7
141021831 2
141022049 24
141022530 38
141023035 18
141023120 3
141023185 97
141023281 20
141023412 2
141023460 23
141024314 132
141024318 2
141024497 20
141025091 3
141025262 18
141025278 27
141025363 37
141025629 1
141026130 18
141026240 30
141026408 66
141026733 30
141026856 45
141026920 2
141027014 15
141027017 360
141027018 5
141027135 3
141027241 1
141027268 69
141027526 1
141027585 6
141028427 25
141029093 1
141029868 34
141029869 3
141029954 179
141029985 30
141030001 24
141030075 112
141030125 1022
141030184 13
141030380 13
141030817 1
141031037 15
141031041 141
141031055 30
141031201 3
141031252 18
141031336 18
141031654 141
141032071 12
141032381 72
141032686 56
141034026 54
141034164 6
141034261 19
141034649 10
141034650 1
141034702 11
141034703 1
141034801 132
141035235 3
141035255 3
141035441 85
141035589 18
141035621 2695
141035622 1137
141035623 335
141035625 40
141035713 23
141036024 75
141036187 6
141036458 106
141037250 20
141038272 30
141038285 12
141039061 2
141039755 12
141039789 48
141039893 85
141040092 2
141040185 1
141040187 14
141040577 25
141040601 26
141040955 10
141041119 2
141041454 24
141041457 3
141041489 15
141041636 1
141042208 1153
141042313 28
141042329 31
141042333 2
141042366 70
141042839 33
141042948 15
141043067 127
141043069 1
141043245 70
141043260 34
141043449 29
141043815 197
141044037 169
141044041 4
141044655 156
141044785 47
141044794 1
141044973 11
141045297 28
141045371 100
141045466 58
141045607 72
141045732 30
141046076 9
141046359 11
141046638 72
141047412 25
141047783 105
141047784 8
141047944 34
141048003 8
141048272 29
141049507 1
141049927 64
141050136 5
141050244 -1
141050245 61
141050529 15
141050902 65
141050905 24
141051122 17
141051162 24
141051290 1
141051436 17
141052131 15
141052281 7
141052449 11
141052957 40
141053214 28
141053268 4
141053280 60
141053424 8
141053499 19
141053562 1
141054068 17
141054568 18
141054603 1
141054848 17
141055020 7
141055147 3
141055212 194
141055251 28
141055428 19
141055429 1
141055435 6
141055503 7
141055575 1
141055682 60
141055792 274
141055795 7
141056379 216
141056403 15
141056583 14
141056669 8
141056804 454
141057121 60
141057187 22
141057192 245
141057378 1
141057411 57
141057447 14
141057909 19
141058246 9
141058419 3
141058579 142
141058580 59
141058582 907
141058873 6
141058945 71
141059125 10
141059190 1
141059549 28
141059729 54
141060156 30
141060392 41
141060477 60
141060912 12
141061080 137
141061423 7
141061515 12
141061963 55
141062288 133
141062991 20
141063267 137
141063418 18
141063764 7
141063965 38
141064154 10
141064303 6
141064321 105
141064563 98
141064702 38
141064704 3
141065056 22
141065058 407
141065179 1
141065210 5
141065274 22
141065295 2
141065778 7
141065842 18
141065911 12
141065947 26
141066715 37
141066750 23
141067002 35
141067108 38
141067227 3
141067685 39
141067866 32
141067994 24
141068130 8
141068204 25
141068272 12
141068273 1
141068365 7
141068449 1
141068473 144
141068585 9
141068726 11
141069023 29
141069337 7
141069635 31
141070297 13
141070298 1
141070358 16
141070377 15
141070418 10
141070698 13
141071315 1
141071642 10
141071654 10
141071686 36
141071860 6
141072230 8
141072317 8
141073035 70
141073060 45
141073061 6
141073134 18
141073236 2
141073267 102
141073272 64
141073410 36
141073451 38
141073459 23
141073463 4
141073527 42
141073636 98
141073845 2
141074094 84
141074312 37
141075113 85
141075595 13
141075596 124
141075898 526
141076463 40
141076466 40
141076696 17
141076749 4
141076799 120
141076846 14
141076977 42
141077077 1
141077183 5
141077189 3
141077533 2
141077687 10
141078101 7
141078483 6
141078761 30
141078932 50
141079037 193
141079042 35
141079403 4
141080054 29
141080600 210
141080643 12
141081290 27
141081325 19
141081637 50
141081732 40
141081748 119
141081775 30
141081915 1
141082234 1
141082314 12
141082421 35
141082467 11
141082935 90
141083216 2
141083496 13
141083498 14
141083499 1
141083666 5
141083828 5
141083996 25
141084197 32
141084239 22
141084336 4
141084448 1
141084567 50
141084571 1
141084638 18
141084694 15
141084798 18
141084872 7
141085162 19
141085289 16
141085437 -1
141085564 43
141085952 62
141086140 89
141086181 51
141086823 6
141087025 60
141087479 25
141087590 18
141087682 40
141087714 20
141087782 29
141087823 8
141088841 185
141088974 21
141089246 25
141089543 37
141089816 31
141089926 4
141090095 2
141090100 15
141090154 153
141090202 3
141090228 73
141090314 24
141090345 4
141090350 160
141090408 11
141090552 2
141090911 179
141091110 1
141091116 12
141091136 10
141091327 186
141091328 232
141091333 68
141091336 97
141091374 6
141091453 14
141091454 1
141091624 5
141091826 3
141092277 47
141092431 14
141092766 10
141092785 18
141093651 3
141093788 116
141093868 1
141094589 7
141094607 1
141094680 691
141095197 3
141095334 2
141096393 35
141096395 3
141096715 1
141097377 136
141097386 370
141097398 1571
141098239 10
141098753 5
141098873 8
141098882 23
141099093 14
141100456 45
141100732 20
180000289 210
180000532 279
180001691 60
180003732 46
180003939 80
180011154 54
180012804 63
180013886 111
180016193 4
180016899 149
180020520 40
180021789 303
180022175 12
180022202 236
180024710 29
180030083 262
180033596 100
180038868 85
180042551 63
180043235 33
180043403 14
180043480 152
180043663 24
180044001 33
180046774 54
180047172 4
180047414 1553
180048504 13
180048505 37
180050097 85
180050113 56
180051271 256
180051720 55
180052079 29
180052136 36
180052138 90
180052810 48
180052860 17
180054115 160
180054222 24
180055124 124
180056027 100
180056899 150
180057017 10
180057040 41
180057257 35
180057538 234
180058408 48
180061184 22
180061402 158
180061487 57
180062702 512
180062833 33
180063129 410
180063430 490
180064096 1
180064752 41
180064836 39
180065258 180
180065751 144
180065760 365
180065997 83
180066154 23
180066435 17
180067160 8
180067295 303
180067702 134
180067926 250
180068199 35
180068286 38
180068445 62
180068492 25
180068896 33
180069449 12
180069550 249
180069646 34
180070286 5
180070374 83
180070914 41
180071108 91
180071491 4
180071585 5
180071915 167
180076185 108
180076255 61
180076597 2
180076604 163
180076635 1
180076657 68
180077477 70
180077999 35
180078254 17
180078299 36
180078359 25
180078370 218
180079096 115
180079097 146
180079959 16
180080164 306
180081875 17
180083026 123
180085215 14
180085375 27
180085393 30
180085712 15
180086234 17
180086304 65
180086371 8
180086508 320
180086726 34
180087105 24
180087896 24
180087935 17
180088612 285
180088675 8
180088735 32
180089945 14
180090510 25
180090802 15
180091181 36
180091251 104
180091256 6
180091697 19
180092749 39
180093107 102
180093161 100
180093214 86
180093242 4
180093583 70
180093946 120
180093972 80
180094136 77
180094145 750
180094372 20
180094452 30
180094699 9
180100893 5
180100933 125
180101136 1
180103274 24
180496087 18
181000155 66
181000372 122
181000714 100
181000746 22
181001274 60
181002173 58
181002343 104
181002582 51
181003173 4
181003187 19
181003235 2
181004393 2
181004522 13
181004564 8
181004878 87
181004880 246
181004882 54
181004913 16
181004914 70
181004941 478
181004943 651
181004944 226
181004945 30
181005579 63
181006371 13
181006917 9
181007384 13
181007768 17
181007994 16
181008596 33
181009120 2
181011235 2
181011438 3
181011727 10
181012091 5
181012122 1
181012264 15
181012270 19
181012928 1
181012975 43
181012977 8
181013233 23
181013251 3
181013365 249
181014345 1
181014845 37
181015135 4
181016356 5
181016681 62
181016808 11
181016814 4
181016958 28
181017091 25
181017500 200
181017501 8
181017642 9
181017839 1
181018162 22
181018172 92
181018567 120
181018572 13
181018573 1
181018727 10
181018970 24
181019516 29
181019611 7
181020435 1
181020750 69
181020885 8
181021138 48
181021187 29
181021556 15
181021856 26
181022137 2
181022923 42
181023633 30
181023787 90
181023797 41
181023889 1
181023936 42
181024261 13
181024763 16
181025101 288
181025250 70
181025676 33
181026205 14
181026206 2
181026654 2
181026673 1
181026832 35
181026869 10
181026927 6
181027201 104
181027234 55
181027611 7
181027748 84
181027760 103
181027771 28
181028037 18
181028157 18
181028544 76
181029753 35
181031191 46
181031395 40
181031634 72
181032064 3
181032354 13
181032763 6
181032993 32
181032994 3
181033190 3
181033583 47
181033869 5
181035051 10
181035063 155
181035264 20
181035735 129
181035736 47
181036143 4
181036535 26
181037143 4700
181037144 1082
181037145 874
181037249 34
181037291 89
181037510 30
181037892 14
181038202 200
181038510 28
181038597 18
181038658 480
181038659 480
181038663 13
181038867 17
181039240 15
181039644 14
181039852 51
181040697 120
181040947 48
181040977 198
181041059 18
181041947 85
181042157 30
181042383 1457
181042566 7
181042698 22
181042787 130
181043228 170
181043243 430
181043850 42
181044172 24
181044173 31
181044174 10
181044175 22
181044177 36
181044178 18
181044355 16
181044356 15
181044380 34
181044621 56
181044702 56
181044954 40
181045182 163
181045786 42
181046112 181
181046577 10
181046730 6
181047991 85
181047992 2
181047993 91
181048102 184
181048346 11
181049351 10
181049596 4
181049752 18
181049883 15
181050824 113
181050878 23
181050989 8
181051271 19
181051704 35
181051861 4
181052642 2
181052767 80
181052770 6
181052898 15
181053282 162
181053387 3
181053605 94
181053809 20
181053896 4
181054392 14
181054672 47
181054722 18
181055858 20
181055860 236
181055902 5
181056647 16
181056886 5
181056943 36
181057118 54
181057868 1
181057935 5000
181058024 5
181058251 1
181058525 68
181058629 60
181058668 60
181059345 8
181060259 1
181060303 8
181060304 287
181060389 7
181060693 26
181060850 25
181061200 24
181061292 7
181061446 11
181061649 11
181061963 975
181062037 207
181062379 27
181062680 5
181062710 24
181062774 1
181063288 57
181063879 1090
181064130 33
181065264 90
181065587 8
181065895 98
181067664 9
181067743 33
181067826 25
181068017 18
181068504 1
181068863 17
181068929 49
181069004 26
181069631 12
181070597 16
181070816 49
181070824 22
181070923 6
181070994 19
181071073 7
181071173 98
181071206 19
181071268 73
181071379 40
181072104 9
181072458 2
181072833 8
181073274 10
181073867 121
181074045 50
181074127 19
181074511 30
181074545 42
181075287 70
181075399 23
181075701 38
181075784 9
181075965 24
181076041 5
181076599 1
181076744 50
181077723 177
181077935 9
181078471 57
181078687 8
181079565 133
181079581 1
181079656 2
181079715 222
181079804 4
181080038 21
181080558 32
181080738 4
181080952 154
181081096 63
181081254 30
181081503 4
181081651 1
181081736 90
181081790 32
181081813 39
181081814 36
181081818 42
181081995 210
181082311 25
181082345 27
181082388 1
181082545 87
181082657 70
181082717 3
181084628 9
181084647 90
181084659 68
181084753 50
181084947 9
181085300 6
181085454 323
181085478 68
181085566 23
181086335 3
181086336 50
181086361 230
181086977 4
181087127 350
181087437 3
181087759 15
181088417 16
181088453 26
181088755 11
181088864 2
181089528 131
181089670 294
181089755 1
181090075 23
181090284 93
181090663 16
181090888 26
181091296 5
181091589 14
181092146 3
181092159 58
181092427 50
181092552 10
181092887 1
181092940 1
181093332 25
181093339 30
181093437 26
181094298 169
181094300 9
181094665 18
181095115 20
181095148 1
181095772 67
181096000 65
181096047 6
181096230 1
181096779 16
181096876 1
181097052 100
181097076 8
181097093 6
181097387 10
181097708 20
181098171 6
181098793 1
181098848 2
181099380 21
181099382 1
181099613 12
181100002 12
181100298 18
181101409 56
181101423 30
181101467 175
181101563 1
181101664 19
181101735 9
181101936 40
181101997 30
181102014 5
181102133 1
181102790 102
181102934 4
181103041 13
181103285 5
181103602 1
181103888 12
181103975 16
181104447 1
181104883 70
181104884 97
181104976 18
181105033 57
181105055 62
181105419 19
181105529 515
181105654 3
181105790 18
181105924 11
181105996 19
181106067 42
181106206 19
181106516 21
181106629 46
181106709 10
181106820 50
181106874 40
181107464 3
181108142 31
181108392 3
181109308 52
181109706 3
181109846 25
181109925 5
181110377 16
181110818 16
181111271 3
181111917 3
181111926 47
181112371 8
181112397 2
181112474 1
181112918 100
181113463 4
181113828 352
181113832 6
181113841 248
181113844 1500
181115688 24
181115704 33
181116290 112
181117647 109
181120923 29
181123242 60
181123498 41
210001491 39
210002885 50
210003115 50
210007828 18
210009299 20
210010981 40
210011287 126
210012223 131
210012831 12
210013626 18
210013801 43
210013914 9
210014438 60
210015174 430
210016196 22
210017148 110
210017159 83
210017529 112
210019949 409
210020403 131
210020914 222
210020957 31
210021877 180
210023015 70
210023076 35
210023191 13
210023348 55
210023631 8
210023720 39
210023747 157
210024484 59
210024963 361
210025071 87
210025207 29
210025237 20
210025747 352
210026250 234
210026554 3
210027719 63
210028117 56
210028799 26
210029483 38
210029504 60
210029635 95
210030155 150
210032248 2
210032264 25
210032324 30
210032342 45
210032358 12
210032359 35
210032493 61
210032585 39
210032662 50
210032872 29
210033021 109
210033199 48
210033214 35
210033444 8
210033747 29
210033962 24
210034188 183
210034295 66
210034453 9
210034463 24
210034702 39
210034773 24
210034996 98
210034997 182
210035006 9
210035012 118
210035032 57
210035074 26
210035138 45
210035785 112
210036032 21
210036063 96
210036486 -1
210036528 472
210036547 139
210036715 250
210036767 280
210036792 389
210037039 40
210037135 250
210037154 4
210037498 15
210037525 20
210037752 181
210038124 2
210038816 35
210039792 61
210040002 553
210040547 10
210040985 25
210041013 162
210041030 21
210042046 250
210042632 26
210042740 90
210042766 45
210043228 28
210043621 31
210043758 199
210043759 96
210043767 31
210044132 30
210044259 27
210044697 8
210044811 15
210045131 35
210045205 20
210045223 749
210045334 35
210045395 301
210046207 58
210046672 75
210046681 98
210046798 29
210047312 180
210047502 59
210047503 18
210047994 6
210048573 7
210048809 1
210048841 27
210049040 45
210049067 7
210049098 77
210049150 52
210049276 284
210049277 20
210049349 18
210049465 56
210049503 33
210049683 103
210049876 29
210049898 280
210050017 24
210050027 73
210050225 7
210050376 82
210050489 26
210050752 43
210051043 5
210051080 7
210051081 52
210051287 8
210051318 1
210051498 13
210051754 10
210052687 8
210122502 20
210122512 21
210301502 83
211000105 14
211000138 39
211000186 67
211001104 37
211001299 31
211001482 13
211002437 43
211002785 21
211002787 21
211002818 60
211002819 46
211002832 15
211002833 4
211002862 22
211002934 6
211003018 5
211003044 6
211003096 33
211003117 70
211003166 5
211003579 32
211003702 45
211003749 32
211004206 265
211004378 16
211004409 21
211004466 15
211004570 4
211004701 22
211004722 41
211004724 3
211004800 2
211005279 17
211005306 30
211005386 20
211005774 16
211005976 150
211006002 17
211006087 11
211006089 122
211006257 178
211007049 25
211008153 51
211008157 22
211008173 2
211008196 344
211008248 210
211008489 249
211008865 4
211009002 73
211009202 416
211009264 15
211009962 120
211010006 35
211010555 52
211010708 57
211010952 24
211011165 10
211011908 27
211012152 2
211012513 22
211012959 18
211013226 55
211013436 44
211013548 40
211013716 4
211014109 40
211014149 1
211014757 31
211014798 7
211014799 135
211014833 10
211014930 21
211015031 38
211015045 34
211015178 10
211015297 52
211015481 28
211015684 24
211015836 38
211015925 6
211016158 7
211016159 2
211016160 2
211016191 47
211016230 35
211016234 112
211016246 54
211016339 774
211016340 66
211017019 878
211017152 242
211017335 10
211017701 24
211018178 11
211018293 1
211018305 6
211018356 4
211018519 67
211018571 18
211018783 75
211018856 17
211018894 1
211019123 15
211019152 20
211019331 3
211019752 11
211019824 676
211019825 510
211019826 2204
211019828 31
211019836 36
211020010 25
211020397 31
211020573 6
211020637 9
211020682 147
211020730 17
211020888 9
211021864 115
211022585 23
211022608 127
211022662 8
211022696 37
211022699 10
211022746 135
211022748 4
211023085 31
211023086 79
211023148 1
211023173 71
211023200 5
211023604 41
211023605 7
211024110 124
211024171 4
211024379 23
211024558 46
211024649 16
211024718 7
211024804 10
211024808 1
211024844 17
211024965 13
211024997 51
211025174 15
211025502 366
211025689 300
211025705 14
211025843 8
211026313 18
211026391 33
211026624 9
211026674 8
211026770 126
211026797 34
211026820 29
211026967 90
211027159 28
211027184 37
211027389 156
211027758 4
211027821 14
211028037 12
211028079 1
211028313 29
211028314 14
211028358 769
211028359 25
211028477 2
211028528 42
211028634 124
211028841 5
211028908 16
211029008 21
211029009 27
211029259 18
211029316 85
211029489 112
211029768 14
211029969 1
211029992 2
211030094 5
211030200 313
211030202 19
211030791 40
211030805 29
211030922 31
211031213 19
211031316 4
211031385 4
211031495 26
211031500 8
211031676 45
211032117 4
211032265 30
211032958 290
211032992 10
211033065 40
211033165 200
211033245 352
211033310 50
211033416 6
211033429 4
211033527 13
211033736 200
211033782 15
211033895 6
211033941 4
211033942 10
211034037 110
211034083 8
211034244 14
211034990 20
211035127 98
211035170 35
211035280 20
211035690 1
211035850 2
211036228 3
211036701 20
211036737 80
211036750 30
211036872 66
211036992 31
211037040 22
211037044 119
211037501 113
211037619 8
211038315 10
211038394 18
211038401 6
211038658 6
211038814 80
211038815 42
211038882 50
211038901 35
211039026 1
211039033 12
211039254 1
211039301 40
211039638 22
211039773 14
211039846 1
211039862 21
211039950 4
211040026 58
211040034 15
211040208 40
211040392 1
211040399 150
211040412 3
211040471 12
211040760 32
211040878 39
211040897 1
211040957 1101
211041124 40
211041285 300
211041458 33
211041599 47
211041628 8
211041854 17
211042031 10
211042032 19
211042079 11
211042107 27
211042139 55
211042192 1
211042271 92
211042272 210
211042298 73
211042629 4
211042882 5
211042977 5
211042996 100
211043155 96
211043220 58
211043262 79
211043584 39
211043612 4
211043917 31
211043972 50
211044108 483
211044186 82
211044296 3
211044572 10
211045198 8
211045266 48
211045365 1
211045428 5
211045598 50
211045630 9
211045631 100
211045807 20
211045994 2
211046204 20
211046237 20
211046361 23
211046378 36
211046800 19
211046812 15
211046819 7
211047089 100
211047143 27
211047144 2
211047460 104
211047716 12
211047943 46
211048102 33
211048141 20
211048635 2
211048640 4
211048656 220
211048719 2
211048864 28
211048910 35
211048964 20
211049110 100
211049219 45
211049247 25
211049388 4
211049431 21
211049437 215
211049584 9
211049829 43
211049834 112
211049922 1
211050045 20
211050050 268
211050110 13
211050210 27
211050307 18
211050321 5
211050449 38
211050633 37
211050846 24
211050927 2
211050929 32
211051190 1
211051331 12
211051376 112
211051506 24
211051711 5
211051811 52
211051908 62
211052335 58
211052370 125
211052389 5
211052598 102
211052966 19
211053002 12
211053101 3
211053148 1
211053206 6
211053231 112
211053234 6
211053268 37
211053315 16
211053340 5
211053345 6
211053380 4
211053433 2
211053513 1
211053552 15
211053847 45
211053882 12
211053906 8
211054040 103
211054046 4
211054072 10
211054077 5
211054116 91
211054270 47
211054282 37
211054331 67
211054585 3
211054686 8
211054687 255
211054749 6
211054854 96
211055012 3
211055044 427
211055112 68
211055191 20
211055352 36
211055392 26
211055510 22
211055515 73
211055567 230
211055947 1
211056357 584
211056361 13
211056362 6
211056393 1
211056999 15
211057018 429
211057246 60
211057525 8
211058119 6
211058153 48
211058200 13
211058465 57
211058470 19
211058473 547
211058476 4
211058601 40
211058922 25
211059283 2
211059798 17
211060203 11
211060647 3
211061740 123
211062156 5
230003702 27
230013384 22
230013461 183
230014022 62
230014547 22
230015352 68
230015503 231
230015815 47
230016016 120
230025929 141
230026216 174
230026852 280
230027124 138
230028295 270
230029668 1
230029776 37
230034566 38
230037396 101
230045952 25
230049933 42
230051070 18
230051461 177
230051918 55
230051963 29
230054682 36
230062465 23
230064487 89
230064532 3
230065267 54
230066301 1411
230067842 92
230067905 51
230067970 67
230068813 11
230069254 46
230069592 95
230069695 46
230072872 22
230076565 102
230076661 336
230077631 78
230078530 35
230079412 27
230079656 100
230079737 32
230080082 353
230080302 65
230081512 189
230082053 59
230083233 25
230084057 6
230085399 254
230091412 10
230096187 37
230096346 187
230096347 46
230098943 3
230099328 8
230100754 18
230101303 41
230102376 26
230102467 149
230102481 69
230102564 77
230102607 35
230102648 252
230102915 19
230102951 27
230105142 2
230105196 37
230105327 131
230105477 47
230105479 8
230105654 19
230106909 23
230107661 10
230108468 1
230108963 210
230111658 12
230111779 86
230113922 103
230114206 74
230114212 16
230114339 9
230114466 100
230114500 23
230114606 7
230114785 40
230117012 63
230117326 289
230119257 22
230119987 95
230121126 26
231000836 270
231004273 386
231004467 15
231007523 8
231010118 43
231010121 63
231010122 3
231010152 18
231010174 40
231010175 25
231010257 31
231010430 44
231010456 24
231010589 24
231010591 19
231010626 20
231010825 27
231011820 18
231012744 57
231013179 14
231013756 5
231014493 9
231016181 96
231016869 7
231018201 27
231019089 11
231019963 1
231020289 28
231021042 41
231021743 1
231021767 23
231023046 48
231023096 5
231024164 30
231027117 18
231027216 100
231028799 99
231029061 1
231030759 165
231032393 44
231032673 22
231033381 140
231034194 12
231035816 20
231036457 24
231036831 19
231036972 37
231037297 303
231038365 1
231039290 2
231039459 1
231039483 19
231039888 34
231040187 72
231040194 3
231040665 15
231040859 23
231040860 40
231041695 24
231042219 160
231042351 29
231044417 155
231044588 21
231046904 53
231048612 3
231049360 37
231049390 10
231049600 93
231049606 1038
231050643 19
231051057 605
231051058 605
231051059 3892
231051061 13
231055621 40
231055991 13
231056328 23
231056609 3
231056679 186
231058182 40
231059137 913
231059528 345
231059929 8
231059948 164
231060069 2
231060402 139
231060523 1
231060725 54
231062428 16
231062883 5
231063111 100
231063421 63
231063534 48
231063594 11
231064110 65
231066035 21
231066332 58
231066407 2
231066537 29
231066540 1
231068143 15
231068759 10
231068865 27
231069425 11
231069458 100
231069678 26
231069981 4
231071038 16
231071593 10
231072889 150
231073165 24
231073336 11
231073940 18
231074353 26
231074362 151
231074426 11
231074815 69
231074970 18
231075112 9
231075974 26
231076037 1
231077164 512
231077749 23
231078129 10
231078743 20
231079078 32
231079176 113
231079183 754
231079840 22
231080772 5
231080923 2
231081010 6
231082294 31
231082300 20
231082403 23
231082469 2
231082571 15
231083412 31
231083464 28
231085901 53
231085954 5
231086039 594
231086856 7
231087246 7
231087613 120
231087690 185
231087981 5
231088142 13
231088832 1
231088850 28
231089250 28
231089544 66
231089708 82
231091503 13
231091658 53
231091677 10
231091930 32
231092096 18
231092265 60
231092387 12
231092543 2
231092594 10
231093627 14
231094163 2
231094285 106
231094502 81
231094554 12
231094903 13
231095294 7
231095304 21
231095373 13
231095374 69
231095478 6
231097306 3
231097666 23
231098297 5
231098986 3
231099906 3
231101300 9
231101558 6
231101856 10
231101968 38
231102255 6
231102673 136
231102795 7
231102850 1
231103266 13
231103870 29
231103976 45
231104166 138
231104566 31
231104731 36
231104998 38
231105048 12
231105605 4
231105846 8
231105863 14
231106223 34
231107041 56
231107627 15
231107863 14
231108125 4
231108316 2
231108364 28
231108740 4
231109235 12
231109326 7
231109753 121
231110165 96
231110167 6
231110305 70
231110318 17
231110355 16
231110371 50
231110474 4
231110557 8
231110928 973
231111357 5
231112630 9
231112654 60
231112816 37
231112966 48
231113263 3
231113406 55
231113834 33
231114314 56
231114654 2
231114879 3
231115235 3
231116315 32
231116323 5
231116347 28
231116915 211
231116925 211
231116938 754
231117270 6
231118706 149
231121878 62
290000690 603
290001639 133
290005404 202
290009039 85
290012505 443
290012527 413
290012689 1177
290013034 216
290013457 7
290017981 16
290020256 45
290025501 110
290031336 127
290033085 18
290033256 430
290033352 52
290034178 118
290034335 110
290034835 1063
290035067 70
290035562 165
290036699 145
290037243 125
290037685 30
290038220 2200
290038935 68
290039300 35
290040543 54
290041098 80
290041331 40
290043655 48
290045827 183
290045928 53
290046863 199
290047031 40
290047263 106
290048751 171
290051091 79
290052091 99
290055238 13
290055254 105
290055848 233
290056252 69
290056639 45
290057572 69
290058269 14
290060191 250
290060827 216
290061245 257
290061527 69
290062116 515
290063096 43
290064585 120
290067664 49
290067862 67
290068729 93
290068976 12
290069626 87
290070401 245
290070436 126
290070665 50
290072675 69
290072683 114
290073036 30
290073120 280
290073167 49
290074583 47
290074956 102
290076703 5
290076883 108
290078123 71
290078443 88
290080098 20
290080242 88
290080329 254
290080515 72
290080602 25
290081367 144
290081484 567
290082967 166
290083142 164
290083444 16
290083524 27
290083606 653
290083611 24
290083651 113
290084253 16
290084547 60
290084548 86
290084576 1
290085165 38
290085720 20
290085978 41
290086153 347
290086270 76
290086532 86
290086594 38
290086627 48
290086633 89
290086652 4
290086798 36
290086915 9
290086952 14
290087379 124
290088296 21
290089141 20
290089592 6
290089736 39
290089884 250
290089913 101
290090219 27
290090545 55
290090840 140
290090971 61
290091017 9
290091589 44
290092542 20
290092648 27
290094076 9
290094963 155
290095406 129
290095731 46
290095976 1
290096397 171
290097003 37
290097243 227
290098068 159
290098094 5
290098745 483
290098949 18
290099367 66
290100280 6
290100738 49
290101407 143
290101616 72
290101618 1809
290101739 26
290101844 64
290102259 27
290103033 38
290103366 50
290103707 135
290105296 45
290105610 74
290106790 14
290106910 48
290107153 62
290107877 15
290108173 31
290108174 14
290108377 21
290108424 44
290108800 4
290108999 43
290109075 80
290109165 37
290109358 24
290109362 10
290109866 5
290110045 22
290110164 1
290110426 20
290110765 24
290111407 12
290114848 39
290117258 26
290119959 37
290121979 27
290122081 99
290122954 33
290123515 184
290124106 499
290124341 11
290124414 17
290125269 23
290125319 342
290126708 40
290127504 216
290127515 803
290127524 15
290127760 153
290127804 209
290127821 49
290128103 43
290128121 23
290130632 51
290131270 114
290131278 14
290131630 13
290131988 17
290132176 14
290133407 19
290133585 122
290133597 13
290133619 41
290133667 2281
290133990 55
290134119 30
290134347 8
290134559 45
290134588 28
290135091 107
290135238 57
290135259 14
290135389 250
290135449 37
290135637 300
290135638 50
290136441 36
290136510 36
290136913 60
290138168 4487
290138244 14
290139422 36
290140094 14
290211701 175
290496023 41
290496024 180
291000339 28
291000361 5
291000506 38
291000709 16
291001073 124
291001621 14
291001966 5
291002741 184
291002747 68
291002824 8
291002834 1
291002978 281
291003193 140
291003259 55
291003707 50
291003954 203
291004104 10
291005329 24
291005585 72
291005633 42
291005993 11
291006032 16
291006862 180
291007040 176
291007200 43
291007202 47
291007293 19
291007299 22
291007398 250
291007399 78
291007401 351
291007452 875
291007455 184
291007457 1048
291007513 38
291007522 30
291007525 150
291007559 43
291007656 11
291007657 5
291007822 10
291007839 3
291008233 30
291008929 6
291009494 21
291009579 17
291009934 22
291010087 37
291010241 8
291010428 46
291010450 129
291010468 72
291011323 9
291011483 7
291011523 42
291011885 90
291012019 230
291012535 1
291012932 36
291013147 1
291013204 29
291013268 13
291013276 31
291014620 6
291014658 13
291014787 7
291014857 67
291014859 4
291014897 48
291014999 2
291015647 40
291015661 45
291015945 62
291015946 30
291016974 47
291017196 88
291018267 15
291018530 39
291018685 44
291018800 29
291018932 5
291019137 24
291020272 53
291020753 150
291021015 86
291021216 48
291021277 33
291021335 4
291021341 22
291021904 110
291022294 20
291023074 25
291023169 87
291023334 15
291023566 4
291023716 20
291024138 8
291024146 65
291024380 7
291024584 65
291024700 11
291024722 421
291024839 350
291025610 7
291026135 78
291026168 123
291026170 140
291026799 15
291027049 30
291027052 2
291027135 54
291027138 109
291027773 35
291027860 100
291028303 18
291028657 3
291029036 30
291029092 6
291030186 40
291030449 48
291030588 12
291030775 14
291031868 17
291032365 4
291032492 224
291032809 22
291033546 5
291033681 50
291034015 60
291034137 244
291034327 57
291034926 48
291035158 43
291035235 26
291035342 415
291036360 37
291036578 3
291036624 46
291036667 60
291036731 21
291037090 14
291037959 7
291037973 42
291038745 2
291038753 473
291038871 8
291039695 242
291040258 7
291040359 76
291040500 36
291040574 13
291041270 25
291041890 22
291042054 64
291043059 84
291043060 118
291043150 4
291043190 44
291044137 74
291044366 81
291044985 20
291045034 120
291045178 170
291045179 29
291046770 137
291047153 15
291047337 45
291047407 31
291047660 3
291048066 23
291048107 20
291048110 1
291048394 16
291048610 174
291048711 27
291048824 72
291048920 105
291048988 23
291048992 35
291049040 49
291049300 7
291049554 266
291050844 50
291051331 2
291051426 10
291051536 50
291051826 34
291051963 230
291052461 21
291053560 107
291053658 12
291054091 45
291054261 10
291054940 78
291056063 37
291057042 3
291057105 21
291057799 24
291057867 29
291058832 1
291058987 214
291059007 45
291059363 25
291059513 47
291060061 2804
291060063 2804
291060066 111
291060076 2700
291060343 2159
291060727 61
291061110 31
291061382 117
291062706 26
291062865 8
291063408 50
291063410 9
291063619 4
291064974 68
291066337 83
291066432 27
291066442 6
291067052 10
291067241 49
291067421 84
291067605 2
291067854 58
291068327 7
291068763 33
291068829 42
291069770 511
291069954 109
291069972 369
291070688 57
291070689 1
291070787 252
291070828 20
291070993 2
291071919 160
291072406 14
291073406 30
291073516 3
291073615 12
291073702 165
291073724 800
291073814 1
291073844 113
291073869 23
291074121 78
291074136 430
291074424 4
291074605 53
291075143 625
291075144 4
291075331 68
291075538 4
291075645 75
291075701 12
291075871 100
291075987 37
291076339 41
291077339 57
291077391 45
291077702 71
291078066 1
291078254 105
291078825 105
291078886 81
291079081 60
291079480 83
291079553 23
291079586 17
291079637 9
291079733 514
291080442 28
291080665 11
291080778 1
291081070 8
291081285 9
291081448 300
291082242 35
291082410 12
291082528 17
291082587 45
291082798 65
291082810 7
291083161 150
291083440 43
291083964 23
291083970 21
291084027 54
291084396 65
291084457 18
291085148 60
291085209 5
291085210 1
291085322 48
291085579 8
291085590 146
291086014 90
291086086 285
291086285 11
291086346 18
291086464 63
291086638 16
291086892 6
291086943 341
291087442 20
291087744 24
291087806 32
291087921 86
291088234 155
291088364 1
291088708 28
291089453 39
291089512 184
291089626 2
291090616 86
291090626 32
291090920 17
291090935 1
291091105 14
291091431 162
291091491 24
291091494 10
291091660 131
291091890 500
291093652 726
291093720 19
291093964 1
291094009 415
291094122 13
291094272 26
291094301 17
291094716 341
291094721 25
291094831 1
291095064 95
291095109 32
291095233 19
291096048 61
291096215 244
291096222 13
291096223 23
291096224 269
291096300 11
291096525 24
291096542 203
291096614 46
291096641 17
291096969 46
291097254 35
291097487 90
291097490 50
291097492 20
291097494 5
291097495 20
291097496 19
291097498 1
291097759 185
291097945 46
291098183 165
291098186 442
291098215 167
291098262 14
291098371 108
291098386 37
291098455 374
291098712 63
291098830 68
291098832 2
291099096 10
291099098 1
291099163 5
291099229 31
291099354 35
291099550 1
291099558 11
291099694 28
291099705 18
291099707 24
291099997 24
291100212 11
291100412 35
291100457 98
291100466 6
291100472 515
291100579 73
291100626 3
291100722 99
291100784 19
291101363 4
291101383 194
291101523 5
291102088 5
291102175 1
291102604 1494
291103008 33
291103344 16
291103364 105
291103722 16
291103723 570
291103885 16
291104208 94
291104263 63
291104458 1
291105326 11
291105355 30
291105634 8
291105781 19
291105839 5
291106436 16
291106703 55
291106930 9
291107003 11
291107249 31
291107475 1129
291107597 245
291107613 19
291108325 25
291108675 288
291108871 58
291108876 204
291108903 15
291109483 79
291109684 24
291109779 12
291109904 85
291110067 1
291110180 5
291110353 222
291110657 19
291110794 80
291110797 1314
291110800 1314
291110802 1314
291110862 19
291110893 33
291111089 30
291111219 2
291111272 19
291111809 23
291112032 14
291112695 9
291112955 214
291113246 25
291113250 1
291113838 2
291113867 80
291113917 27
291113973 18
291113981 54
291114072 24
291114109 13
291114502 32
291114777 1
291115473 16
291115476 46
291115785 42
291115988 37
291116007 5
291116018 69
291116019 39
291116622 52
291116645 41
291116725 11
291116792 10
291116916 29
291116941 180
291117202 10
291117248 6
291117845 215
291117850 2
291118027 5
291118144 29
291118344 79
291119568 58
291119757 10
291120632 5
291120634 3
291120878 28
291120961 23
291120989 32
291121260 11
291121355 95
291121700 2
291121727 49
291122046 117
291122280 73
291122413 10
291122954 1
291123371 34
291123468 17
291124969 41
291125039 5
291125189 65
291125310 31
291125311 2
291125474 95
291125700 105
291125836 58
291126207 22
291126562 5
291128154 296
291128217 23
291128670 1
291128713 13
291128807 12
291129243 136
291130617 3
291131455 42
291132691 122
291132776 18
291132781 62
291133887 20
291133888 3
291134403 80
291134617 5
291134801 42
291135187 4
291135404 60
291135690 40
291135693 6
291135696 1
291135797 20
291136135 6
291136742 404
291136860 25
291136969 49
291136974 1
291137069 14
291137094 14
291138086 18
291138294 23
291138667 104
291138786 25
291139058 24
291139135 9
291139254 32
291139442 36
291139457 50
291139849 19
291140146 52
291140180 76
291140661 3
291140683 114
291140700 21
291140717 19
291141001 16
291141423 12
291141932 73
291142743 84
291143492 2
291143860 30
291144189 2
291144307 8
291144308 14
291144312 14
291144525 10
291144752 10
291144839 31
291145861 81
291146330 57
291146348 19
291146353 5
291147090 40
291147098 2
291147311 1
291147565 20
291147990 240
291148090 15
291148159 58
291148408 2
291148417 11
291148729 1
291148880 3
291148946 1
291149108 166
291149158 70
291149448 1
291149469 2
291149815 5
291149823 27
291150472 8
291150697 1
291150856 21
291150898 21
291152029 49
291152032 16
291152830 134
291152842 2
291152957 50
291153037 98
291153274 22
291154122 23
291154222 35
291154700 4
291154813 9
291155059 11
291155135 6
291155215 24
291155226 45
291155412 50
291155801 4
291155927 19
291155971 25
291155991 25
291156106 20
291156135 24
291156376 4
291156493 123
291156620 40
291156827 100
291157155 7
291157205 18
291157711 13
291157785 15
291157987 53
291158177 21
291158224 21
291158252 80
291158846 1
291159168 50
291159336 34
291159579 2
291159856 60
291160170 50
291160244 41
291160247 15
291160403 13
291160501 32
291161211 286
291161327 34
291161452 1
291162604 9
291162607 100
291163398 82
291163726 14
291163811 -1
291163813 12
291163841 53
291163973 44
291164125 110
291164212 30
291164503 24
291164809 6
291165980 29
291166120 3
291166877 88
291166994 3
291167045 79
291167089 1
291167329 5
291167355 20
291167662 2
291167713 5
291168071 3
291168479 3
291168822 8
291169015 4
291169033 30
291169217 69
291169255 4
291169765 22
291169783 1
291169934 8
291169955 10
291170324 104
291170802 17
291171184 123
291171469 63
291171495 30
291171626 23
291171763 20
291171764 1
291171834 17
291171889 10
291172761 66
291172853 9
291172856 5
291172988 3
291173054 55
291173106 17
291173359 1
291173770 9
291173788 6
291173866 51
291173886 8
291175081 53
291175321 6
291175331 14
291175594 6
291175805 10
291176260 10
291176369 57
291176443 180
291176461 42
291176498 38
291176941 26
291176945 18
291177066 7
291177439 1
291177838 11
291177926 45
291178409 11
291178967 20
291179230 2
291179231 47
291179232 53
291179499 26
291179585 -1
291179928 7
291179954 154
291180299 20
291180300 18
291180301 60
291180629 3
291180655 63
291180668 44
291180669 2
291180800 59
291180842 12
291180845 8
291181168 8
291181378 2
291181657 18
291181679 1
291181792 85
291181968 13
291182164 20
291182524 14
291183557 4
291183790 37
291184124 11
291184139 13
291184140 14
291184347 82
291184591 5
291185031 190
291185246 34
291185247 8
291185446 44
291185884 4
291186596 37
291186786 145
291187002 6
291187038 5
291187406 41
291187608 76
291187611 13
291187699 9
291187913 230
291188181 66
291188291 16
291188849 232
291188850 1
291188871 12
291188874 102
291188953 46
291189032 5
291189073 144
291189074 21
291189110 41
291189153 90
291189691 23
291189923 80
291190036 1818
291190190 19
291190291 16
291190400 48
291190401 9
291191115 28
291191218 4
291191266 7
291191278 9
291191338 10
291191383 12
291191430 32
291191491 9
291191577 69
291191580 5
291191581 4
291191582 27
291191697 40
291192021 109
291192350 3
291192376 3
291192925 7
291193340 8
291193490 100
291193690 25
291193699 2
291193827 12
291194781 2
291194865 85
291195154 22
291195406 5
291196127 153
291196904 20
291197153 120
291197674 6
291197713 9
291197765 12
291197992 87
291201182 14
291201195 8
291201271 20
291202981 31
291203052 26
291203063 5
291203242 1314
291203251 260
291203256 1314
291203569 8
291203590 113
291203906 8
291204268 45
291204753 18
291204767 82
291205340 4
291206002 40
291206810 2
291207596 14
291211324 105
291211325 105
291211438 7
291211991 8
291212110 31
291212332 150
291215063 22
291216319 129
291216320 149
291217309 8
410000833 954
410005674 33
410006301 58
410006794 271
410007798 109
410012249 39
410015881 194
410017040 59
410018069 75
410019646 108
410019975 96
410019992 86
410019994 134
410020006 35
410020017 2446
410020018 45
410020027 110
410020095 189
410031379 140
410032455 311
410037863 249
410038053 100
410039902 145
410040170 37
410043065 139
410043296 85
410043421 38
410044353 104
410044906 15
410044965 286
410045148 65
410045580 250
410047813 80
410047834 37
410049266 321
410050460 79
410050513 210
410050919 110
410051325 40
410051720 95
410052484 26
410052595 50
410052944 104
410053637 184
410053931 11
410054453 1491
410055906 88
410058843 66
410059329 172
410060721 70
410063631 181
410064088 17
410066109 84
410066670 114
410066704 330
410067256 11
410067937 164
410068843 14
410069169 299
410069481 62
410070220 94
410070506 205
410070708 17
410071065 142
410071612 47
410072960 64
410075043 15
410075143 36
410075421 29
410075854 85
410075907 4596
410075908 199
410076451 90
410077972 23
410078505 218
410078999 30
410079122 108
410079126 51
410079367 308
410079431 190
410079504 39
410080352 26
410080675 71
410080929 180
410080930 14
410081254 80
410081503 59
410081999 93
410082322 17
410082614 2
410083459 58
410083464 71
410084021 46
410084274 250
410084323 55
410084324 177
410085142 16
410085217 34
410085226 26
410085844 9
410086748 27
410087586 66
410087643 44
410088033 77
410088392 21
410088610 83
410088914 60
410089127 17
410089176 60
410089642 9
410089945 25
410090022 73
410090030 75
410090228 63
410090319 101
410090488 53
410090510 26
410090511 28
410090994 31
410091559 42
410092503 72
410093711 440
410093799 107
410093808 3
410093871 32
410093971 37
410094077 99
410094088 49
410094296 250
410094311 1511
410094443 100
410094514 10
410095248 39
410095297 41
410095359 44
410095713 29
410096143 712
410097874 286
410098529 51
410098613 80
410098790 32
410098930 68
410099469 21
410099724 526
410099996 69
410100063 87
410100099 17
410100556 44
410100608 261
410100887 82
410101267 131
410101288 29
410101348 84
410101368 46
410101415 41
410101416 76
410101453 27
410101555 23
410101689 37
410101748 22
410101814 56
410101831 103
410101912 29
410102122 74
410102126 29
410102576 140
410102598 6
410102640 100
410102980 11
410103448 2
410103558 102
410103841 59
410103932 142
410104537 23
410104862 340
410104873 135
410105156 77
410105403 43
410105421 45
410105564 365
410105643 45
410105842 81
410105880 161
410105924 23
410106053 11
410106249 70
410106458 21
410107580 207
410107581 180
410107657 50
410107679 150
410107801 23
410107811 308
410107880 31
410107954 18
410108146 21
410108464 100
410108761 60
410108988 30
410109001 70
410109002 108
410109359 49
410109652 53
410109826 10
410109968 210
410110131 86
410110809 18
410111289 90
410111590 6
410112409 60
410112624 180
410112704 40
410114365 80
410114595 26
410114646 25
410114649 76
410114893 22
410115662 150
410116195 30
410116261 150
410116833 36
410117507 281
410118061 34
410118379 248
410119332 105
410119333 124
410119522 149
410119971 251
410120123 30
410121171 1185
410122213 141
410122715 147
410123446 40
410123906 62
410123907 367
410125167 86
410125738 70
410125923 87
410125924 104
410126100 323
410126101 124
410127051 14
410127645 40
410127818 54
410128604 77
410128666 100
410130067 2
410130305 291
410131129 269
410131146 30
410131377 65
410131588 71
410131670 8
410132215 358
410132249 115
410132462 358
410132602 1850
410132692 13
410132795 244
410133293 16
410135698 100
410135707 4
410135768 80
410136088 28
410136143 27
410137336 38
410138004 22
410138536 20
410138584 17
410139645 21
410139822 123
410139877 25
410140292 140
410140391 4
410141036 317
410141537 90
410142936 16
410145143 7
410145361 3
410145625 17
410146917 152
410146919 50
410146922 8
410147160 59
410147219 242
410147282 16
410147497 42
410147530 36
410147646 83
410148503 43
410148714 49
410148837 99
410149448 29
410149472 40
410149611 819
410149721 50
410149812 230
410149968 330
410150055 153
410150839 2
410150980 227
410150993 88
410151468 13
410151502 22
410151921 46
410152052 150
410152133 298
410152379 14
410152425 47
410152477 2
410152768 76
410152880 165
410153198 24
410153264 11
410154328 26
410154950 190
410155040 30
410155251 25
410155948 50
410157648 10
410158868 395
410158869 36
410158870 130
410159262 428
410159522 54
410159565 105
410159719 11
410159720 12
410160059 108
410160299 5
410160773 25
410160815 311
410160930 25
410161463 20
410161755 19
410161865 18
410162052 19
410165353 5
410165420 135
410165813 52
410166335 33
410166546 50
410166607 88
410166723 1
410170167 88
410170248 7
410496149 35
411000028 27
411000096 44
411000624 20
411000705 30
411000976 4
411001426 87
411002066 13
411002067 7
411002907 68
411002909 364
411002971 2
411003022 40
411003092 11
411003147 11
411003178 25
411003181 18
411003289 16
411003389 32
411003465 4
411003915 68
411004531 123
411004838 119
411004903 7
411005128 36
411005162 163
411005721 35
411005952 333
411006556 50
411006746 79
411007203 21
411007530 10
411007801 28
411008456 26
411008768 55
411008968 14
411009070 3
411009343 17
411009489 24
411009512 26
411009513 80
411009539 55
411009540 10
411009600 36
411009602 22
411009618 8
411009621 22
411009622 16
411009635 109
411009680 8
411009717 20
411009725 75
411009727 57
411009790 24
411009795 13
411009867 11
411009895 1596
411009897 1131
411009898 729
411009961 16
411009962 15
411009998 7
411010005 7
411010033 20
411010037 11
411010093 200
411010095 200
411010281 75
411011515 57
411011669 70
411011961 13
411012313 1500
411012457 73
411012724 27
411013008 35
411013166 24
411013690 2
411013987 19
411014099 100
411014158 241
411014190 450
411014281 462
411014298 100
411014572 2
411014760 350
411014884 31
411015040 122
411015152 18
411015437 122
411017095 68
411017501 28
411017596 1
411017816 77
411018088 164
411018692 30
411019032 12
411019074 71
411019326 9
411019442 1
411019444 6
411019473 24
411019622 80
411019762 4
411019787 2
411020154 7
411020776 32
411020828 29
411020860 45
411021231 20
411021515 1
411021524 30
411022220 46
411022419 31
411022647 24
411022907 52
411022953 30
411023070 20
411023369 1
411023678 10
411024520 24
411024596 324
411024692 24
411024882 20
411025428 1
411026818 7
411026951 46
411026972 15
411027028 26
411027385 42
411027423 627
411027425 615
411027913 114
411028097 446
411028332 23
411028353 85
411028485 214
411028782 41
411028791 165
411029135 16
411029215 362
411029522 130
411029683 123
411030333 430
411030461 10
411030903 121
411031088 8
411031599 340
411031759 16
411031892 25
411032019 54
411032543 -1
411033116 25
411033118 16
411033475 27
411033498 34
411034339 28
411034522 99
411034899 42
411034953 29
411035121 60
411035553 85
411036240 16
411036462 146
411036588 13
411036876 1
411036895 11
411037031 2
411037304 17
411037374 13
411037976 14
411038234 17
411038609 9
411038649 83
411038908 50
411039055 23
411039112 13
411039117 30
411039480 268
411040009 28
411040042 7
411040834 192
411040849 78
411041167 11
411041605 30
411042243 575
411042405 25
411042548 10
411042772 207
411043110 3
411043130 180
411043180 8
411043316 216
411043556 9
411043746 14
411043813 32
411044132 32
411044339 27
411045191 2
411045204 42
411045235 8
411045551 26
411046695 33
411047336 30
411048236 10
411048384 140
411048420 30
411048632 30
411048733 5
411048738 16
411049151 26
411049163 44
411049186 23
411049758 74
411049917 28
411050062 6
411050196 66
411050228 245
411050493 27
411050925 702
411050931 10
411051061 116
411051270 50
411051427 11
411051449 27
411051620 15
411052264 30
411052736 15
411052848 28
411053075 18
411053604 402
411053660 220
411053676 28
411054537 48
411054714 60
411054834 70
411054835 46
411055109 29
411055211 23
411055232 41
411055242 36
411055258 6
411055930 3
411056417 14
411056442 60
411056543 20
411056793 15
411057034 80
411057292 57
411057673 1855
411057742 10
411057840 96
411057934 2
411058094 4
411058231 17
411058266 4
411058569 2
411059310 21
411059418 38
411059651 18
411059791 4
411059813 10
411059875 31
411060302 3
411060457 4
411060507 1
411060625 42
411060651 239
411060748 592
411061036 33
411061762 31
411062048 21
411062206 13
411062366 240
411062471 11
411063512 27
411063559 2
411064445 7
411064549 37
411064660 476
411064666 107
411064771 68
411064871 43
411064905 3
411066297 53
411066469 37
411066805 3
411066936 94
411067756 13
411068415 14
411068599 4458
411068600 7820
411068601 7802
411068603 78
411068604 4235
411068699 2148
411068721 79
411068905 48
411068909 319
411069078 64
411069145 74
411069503 20
411070724 26
411071683 59
411072054 44
411072176 180
411072341 45
411072451 41
411072463 88
411072606 13
411073078 9
411073111 1
411073132 29
411073699 25
411073939 169
411073999 16
411074217 163
411074468 68
411074565 177
411074749 17
411075069 38
411075630 1
411075681 14
411075842 24
411076104 206
411076427 8
411077111 40
411077115 7
411077405 549
411077770 8000
411078095 16
411078388 291
411078409 4
411078923 20
411078969 5
411078970 31
411079004 51
411079006 6
411079228 20
411080043 37
411080045 9
411082092 21
411082391 3211
411082843 80
411082908 99
411082954 66
411082973 135
411083113 39
411083151 96
411083207 7
411083410 59
411083484 1024
411083682 2
411083791 94
411084135 88
411084189 479
411084192 3
411084370 8
411084390 30
411084439 6
411084576 29
411084583 29
411084601 200
411084815 45
411084829 26
411084946 18
411085314 28
411085404 10
411085696 7
411085905 127
411085942 38
411086139 1
411086228 150
411086278 22
411086476 43
411086570 16
411086824 1
411086847 3
411087225 17
411087539 49
411087680 19
411088659 24
411088676 50
411089022 75
411089045 10
411089562 300
411089569 16
411089717 10
411090268 33
411090427 8
411090547 23
411090821 56
411090843 197
411090928 1
411091293 81
411091295 70
411091325 10
411091537 10
411091765 177
411091801 44
411092025 65
411092693 8
411092893 32
411092964 13
411093907 40
411094113 2
411094337 15
411094424 36
411094618 139
411094756 53
411095052 13
411095053 228
411095136 92
411095301 7
411095332 15
411095399 5
411095627 28
411095882 31
411095972 51
411096010 3
411096022 4
411096164 34
411096377 11
411096392 17
411096789 21
411096899 50
411096934 85
411096946 16
411096976 11
411097011 57
411097234 700
411097746 7
411098218 17
411098301 21
411098572 27
411098750 116
411098804 1
411099109 5
411100054 240
411100304 1
411100455 12
411100466 14
411100722 4
411100737 323
411100856 28
411101011 1
411101157 45
411101164 4
411101341 15
411101755 125
411102500 124
411103186 58
411103188 7
411103821 46
411104114 74
411105067 35
411105074 251
411105083 27
411105084 236
411105085 24
411105091 253
411105092 16
411105093 238
411105094 20
411105096 189
411105132 21
411105496 18
411105626 45
411105632 1
411106072 1
411106247 12
411106413 20
411106460 9
411106755 114
411106988 65
411107106 2
411107289 52
411107675 367
411107693 32
411107717 218
411107821 5
411108274 11
411108553 8
411109054 20
411109152 25
411109163 25
411109365 191
411109704 72
411109834 95
411110440 21
411110582 28
411110799 33
411110887 24
411111312 27
411111375 5
411111597 44
411111601 10
411111680 23
411111692 81
411111725 2
411111931 26
411111982 8
411112053 255
411112096 144
411112688 690
411112690 21
411112698 4
411112775 14
411112776 2
411113549 45
411113611 37
411113667 53
411113836 56
411113837 19
411114096 51
411114146 104
411114276 17
411114578 47
411114584 18
411115067 13
411115447 5
411115500 57
411115547 1008
411115600 62
411116039 4
411116321 343
411116328 2
411116330 16
411116370 23
411116438 60
411116447 12
411116770 82
411116977 34
411117031 5
411117201 2
411117415 30
411117507 213
411117813 12
411117909 5
411118545 199
411118626 61
411119053 13
411119243 27
411119274 3896
411119276 267
411119279 110
411119753 15
411119932 950
411119974 259
411120044 204
411120338 25
411121123 64
411121343 26
411121551 42
411122434 38
411122518 25
411122576 3
411123202 26
411123267 12
411123307 35
411123436 9
411123615 210
411123950 11
411125346 1
411125384 58
411125920 717
411125963 10
411126260 30
411127034 70
411127908 46
411128115 58
411128274 1
411128478 35
411130153 10
411130578 24
411131025 8
411131216 19
411131373 80
411131454 133
411131658 16
411132044 5
411132118 39
411132193 819
411132245 59
411132261 15
411132382 5
411132452 40
411132506 5
411132686 1
411132691 16
411132734 71
411133153 90
411133243 751
411133311 98
411133339 25
411133407 95
411133595 5
411133676 16
411133781 9
411134111 4
411134258 211
411134320 88
411134422 35
411134731 29
411134733 5
411135296 4
411135297 3
411135367 7
411135524 6
411135542 5
411136049 29
411136144 2
411136222 8
411136449 38
411136507 18
411136570 76
411136625 71
411136826 7
411136997 62
411136998 8
411136999 90
411137256 2
411137555 20
411137588 4
411137679 9
411137832 200
411139490 57
411139894 54
411140137 1
411140162 19
411140353 60
411140365 35
411140391 1
411140497 36
411140663 27
411141035 50
411141043 2
411141051 13
411141174 12
411141485 55
411141698 44
411141735 17
411141744 98
411141846 2
411141848 1
411141928 10
411141956 36
411142268 11
411142625 18
411143006 91
411143062 4
411143448 25
411143759 20
411143892 11
411144058 12
411144126 126
411144437 13
411144456 145
411144593 10
411144595 116
411144692 53
411144782 75
411144825 100
411145002 13
411145204 76
411145267 34
411145297 46
411146247 2
411146925 8
411147010 109
411147103 37
411147615 44
411147990 -1
411148137 30
411148589 25
411148748 26
411148753 58
411149018 6
411149104 45
411149107 3
411149110 12
411149413 2
411149735 1
411149769 19
411150247 12
411151040 79
411151155 235
411151163 51
411151364 98
411151612 5
411151974 5
411152031 12
411152046 22
411152190 293
411152404 118
411152459 15
411152524 55
411153214 26
411153639 15
411154014 138
411154204 13
411154216 30
411154362 33
411155019 134
411155155 19
411155363 14
411155485 43
411155702 3
411155779 2
411156265 1
411156495 30
411156610 15
411157034 141
411157260 17
411157877 3
411157995 155
411158131 28
411158328 43
411159323 14
411159498 17
411159693 3
411159864 15
411159937 72
411159999 29
411160052 9
411160159 5
411160261 1
411160680 58
411160816 24
411160907 71
411161009 34
411161016 13
411161018 32
411161427 14
411161601 20
411161852 175
411162019 7
411162081 55
411162378 14
411162445 91
411162463 125
411162621 142
411162801 19
411162803 45
411162804 19
411162890 1
411163090 33
411163284 155
411163403 9
411163764 25
411163950 47
411164348 34
411164461 4
411164567 51
411164844 47
411165025 1
411165243 18
411166013 123
411166147 92
411166239 31
411166295 2
411166465 51
411166499 33
411166803 26
411166843 3
411166900 7
411167345 9
411167395 20
411167813 5
411168158 22
411168201 2
411169245 58
411169432 445
411169628 2
411169665 73
411169823 14
411169913 27
411169941 8
411170047 2
411170090 160
411170106 1
411170153 16
411170304 11
411170613 1
411170915 2
411171022 11
411171229 4
411171552 64
411171656 2
411172045 28
411172233 4
411172580 5
411172842 30
411172908 4
411173216 52
411173515 80
411173741 3
411173745 100
411174197 7
411174234 26
411174339 1
411174358 2
411174523 3
411174571 4
411174670 15
411174826 26
411175401 11
411175439 20
411175554 142
411175585 11
411175892 50
411175940 13
411176250 77
411176281 1
411176435 56
411176875 34
411177590 1
411177602 50
411177607 21
411177677 1
411177743 13
411177780 36
411177916 22
411177938 12
411178043 107
411178135 10
411178276 6
411178873 32
411178925 25
411178994 15
411179194 112
411179258 64
411179300 21
411179540 11
411179862 17
411180155 5
411180342 9
411180367 17
411180689 13
411180824 5
411180898 43
411180975 15
411181032 40
411181088 3
411181127 9
411181389 6
411181619 6
411181897 16
411182339 30
411182473 30
411182485 38
411182539 6
411182741 12
411182821 36
411182839 24
411182969 4
411183025 300
411183226 82
411183584 7
411183796 50
411183819 57
411184058 103
411184303 49
411184427 32
411184442 15
411184470 4
411184511 2
411184664 1
411184697 15
411185018 5
411185622 23
411185849 3
411185885 1
411185928 195
411186148 6
411186152 2
411186239 9
411186482 -1
411187328 2
411187539 12
411187962 90
411188786 58
411188878 29
411188888 4
411189175 8
411189218 26
411189235 13
411189337 40
411189631 90
411189638 6
411189775 45
411190012 378
411190014 42
411190019 15
411190149 33
411190163 1
411190199 200
411190216 28
411190248 2
411190306 17
411190383 10
411190422 35
411190475 30
411190478 70
411190495 70
411190656 1
411190862 18
411190992 63
411191021 121
411191212 29
411191272 16
411191341 2
411191461 1
411191462 21
411191530 3
411191553 6
411191566 39
411191578 1
411191899 9
411191925 9
411191949 13
411192087 1
411192280 12
411192324 1
411192467 14
411192515 10
411192626 30
411192641 19
411192643 26
411192788 21
411192810 4
411192876 24
411192949 3
411193164 2
411193359 31
411193600 10
411193981 22
411194013 51
411194229 1
411194322 9
411194325 30
411194356 6
411195011 16
411195213 6
411195387 13
411195493 4
411195590 32
411195640 1
411196025 3
411196158 1
411196292 1
411196884 89
411196895 11
411197171 1
411197310 7
411197414 24
411197449 7
411197566 8
411197641 63
411198156 2671
411198963 11
411199036 1
411199527 54
411199852 5
411200135 50
411200431 29
411200433 2
411201045 15
411201413 158
411201492 2
411202216 20
411202525 285
411203751 8
411203970 24
411206182 8
411206420 222
411206428 140
411206444 2083
411206462 12
411208274 10
411209278 3
411209300 1
411211512 118
411211513 13
411212048 23
411212799 19
411213383 198
411213569 17
411214136 2
411221461 19
411222137 104
411222216 174
411222217 205

Se consultaron 5874 CCC.

24 02 2010 10:16:45